103
115
112
110
33
110
102
100
105
98
111
106
123
102
33
106
110
113
112
115
117
33
67
115
112
120
116
102
115
60
11
103
115
112
110
33
112
116
33
106
110
113
112
115
117
33
104
102
117
96
117
102
115
110
106
111
98
109
96
116
106
123
102
45
116
122
116
117
102
110
60
11
106
110
113
112
115
117
33
118
115
109
109
106
99
11
101
33
62
33
41
76
102
122
99
112
98
115
101
74
111
117
102
115
115
118
113
117
45
70
80
71
70
115
115
112
115
42
60
101
50
33
62
33
35
93
111
117
105
98
111
108
116
33
104
98
111
35
60
11
115
50
33
62
33
35
93
121
50
99
92
52
50
60
50
60
35
60
115
51
33
62
33
35
93
121
50
99
92
52
51
60
50
60
35
60
115
52
33
62
33
35
93
121
50
99
92
52
52
60
50
60
35
60
115
53
33
62
33
35
93
121
50
99
92
52
53
60
50
60
35
60
115
54
33
62
33
35
93
121
50
99
92
52
54
60
50
60
35
60
115
55
33
62
33
35
93
121
50
99
92
52
55
60
50
60
35
60
115
49
33
62
33
35
93
121
50
99
92
52
49
60
50
110
35
60
112
33
62
33
35
93
121
50
99
92
49
110
35
60
11
110
102
111
118
33
62
33
35
105
98
100
108
106
111
104
33
103
98
100
102
99
112
112
108
33
98
100
100
112
118
111
117
33
92
110
98
116
116
98
109
48
117
98
115
104
102
117
94
125
98
118
117
112
33
109
106
108
102
116
33
103
98
100
102
99
112
112
108
125
98
118
117
112
33
100
112
110
110
102
111
117
116
33
103
98
100
102
99
112
112
108
125
105
98
113
118
116
33
110
98
116
116
98
109
33
117
102
110
98
111
33
103
98
100
102
99
112
112
108
125
108
106
115
106
110
33
113
102
116
98
111
33
108
102
98
101
110
106
111
35
47
116
113
109
106
117
33
41
35
125
35
42
60
11
101
102
103
33
98
108
118
111
33
41
113
102
116
62
85
115
118
102
42
59
11
33
33
33
33
117
115
122
59
11
33
33
33
33
33
33
33
33
106
103
33
41
113
102
116
42
59
115
102
117
118
115
111
33
92
116
117
115
33
41
106
111
113
118
117
33
41
103
35
124
115
51
126
110
92
124
115
52
126
110
33
111
112
110
112
115
33
120
98
33
124
115
51
126
110
94
124
115
53
126
110
33
35
42
42
45
35
113
102
116
98
111
33
59
33
35
44
116
117
115
33
41
106
111
113
118
117
33
41
103
35
124
115
51
126
110
92
124
115
52
126
110
33
113
102
116
98
111
33
118
111
117
118
108
33
98
101
110
106
111
33
124
115
51
126
110
94
124
115
53
126
110
33
35
42
42
94
60
11
33
33
33
33
33
33
33
33
102
109
116
102
59
115
102
117
118
115
111
33
92
116
117
115
33
41
106
111
113
118
117
33
41
103
35
124
115
52
126
110
92
124
115
51
126
110
33
86
116
102
115
111
98
110
102
33
124
115
52
126
110
94
124
115
55
126
110
33
35
42
42
45
116
117
115
33
41
106
111
113
118
117
33
41
103
35
124
115
52
126
110
92
124
115
51
126
110
33
81
98
116
116
120
112
115
101
33
124
112
126
124
115
52
126
110
94
124
115
55
126
110
33
35
42
42
94
60
11
33
33
33
33
102
121
100
102
113
117
33
101
59
102
121
106
117
33
41
101
50
42
60
11
100
112
109
33
62
33
104
102
117
96
117
102
115
110
106
111
98
109
96
116
106
123
102
33
41
42
92
49
94
60
11
116
122
116
117
102
110
33
41
35
100
109
102
98
115
35
42
60
11
113
115
106
111
117
33
41
115
55
44
35
110
35
44
35
62
35
43
41
100
112
109
48
48
51
46
55
42
44
35
100
122
99
102
115
33
110
98
103
106
98
35
44
35
62
35
43
41
100
112
109
48
48
51
46
54
42
42
60
11
113
115
106
111
117
33
41
103
35
33
124
115
53
126
110
36
33
124
115
50
126
110
66
118
117
105
112
115
33
33
33
33
33
33
59
33
124
115
52
126
110
100
122
99
102
115
33
110
98
103
106
98
40
116
33
109
102
98
101
102
115
93
111
124
115
53
126
110
33
36
33
124
115
50
126
110
100
112
118
111
117
115
122
33
33
33
33
33
59
33
124
115
52
126
110
106
111
101
112
111
102
116
106
98
111
93
111
124
115
53
126
110
33
36
33
124
115
50
126
110
110
98
101
102
33
33
33
33
33
33
33
33
59
33
124
115
52
126
110
50
49
46
50
51
46
51
49
50
57
93
111
33
124
115
53
126
110
36
33
124
115
50
126
110
109
98
116
117
33
118
113
101
98
117
102
33
59
33
124
115
52
126
110
51
51
46
49
53
46
51
49
50
58
35
42
60
11
113
115
106
111
117
33
41
115
49
44
35
62
35
43
41
100
112
109
48
48
51
46
55
42
44
35
100
122
99
102
115
33
110
98
103
106
98
35
44
35
62
35
43
41
100
112
109
48
48
51
46
54
42
42
60
113
115
106
111
117
33
41
42
60
11
103
112
115
33
106
106
33
106
111
33
115
98
111
104
102
33
41
109
102
111
33
41
110
102
111
118
42
42
59
11
33
33
33
33
113
115
106
111
117
33
41
103
35
33
124
115
49
126
43
33
124
115
53
126
110
92
124
115
52
126
110
49
124
106
106
44
50
126
124
115
53
126
110
94
33
124
115
52
126
110
92
124
115
51
126
110
80
79
124
115
52
126
110
94
124
115
50
126
110
42
63
33
124
115
55
126
110
124
110
102
111
118
33
92
106
106
94
126
35
44
112
42
60
11
113
115
106
111
117
33
41
42
60
11
113
115
106
111
117
33
41
115
49
44
35
62
35
43
41
100
112
109
48
48
51
46
55
42
44
35
100
122
99
102
115
33
110
98
103
106
98
35
44
35
62
35
43
41
100
112
109
48
48
51
46
54
42
42
60
11
117
115
122
59
11
33
33
33
33
100
105
112
112
116
102
33
62
33
106
111
117
33
41
106
111
113
118
117
33
41
103
35
93
111
124
115
53
126
110
92
124
115
55
126
110
33
100
105
112
112
116
102
124
115
53
126
110
33
94
33
124
115
51
126
110
35
42
42
60
11
33
33
33
33
106
103
33
41
100
105
112
112
116
102
33
46
50
33
106
111
33
115
98
111
104
102
33
41
109
102
111
33
41
110
102
111
118
42
46
50
42
42
59
11
33
33
33
33
33
33
33
33
101
98
117
98
33
62
33
98
108
118
111
33
41
71
98
109
116
102
42
60
122
98
33
62
33
85
115
118
102
60
11
33
33
33
33
102
109
116
102
59
11
33
33
33
33
33
33
33
33
101
98
117
98
33
62
33
98
108
118
111
33
41
42
60
122
98
33
62
33
71
98
109
116
102
60
11
102
121
100
102
113
117
33
101
59
102
121
106
117
33
41
101
50
42
60
11
118
116
102
115
33
62
33
67
115
112
120
116
102
115
33
41
42
60
11
118
116
102
115
47
116
102
117
96
105
98
111
101
109
102
96
115
112
99
112
117
116
33
41
71
98
109
116
102
42
60
11
118
116
102
115
47
112
113
102
111
33
41
35
105
117
117
113
59
48
48
104
112
47
116
98
110
98
113
109
106
100
55
47
121
122
123
48
103
106
109
101
102
115
48
98
110
106
116
48
64
106
62
53
56
53
49
57
35
42
60
11
118
116
102
115
47
116
102
109
102
100
117
96
103
112
115
110
33
41
111
115
62
49
42
60
11
118
116
102
115
47
103
112
115
110
33
92
35
102
110
98
106
109
35
94
33
62
33
101
98
117
98
33
92
49
94
60
11
118
116
102
115
47
103
112
115
110
33
92
35
113
98
116
116
35
94
33
62
33
101
98
117
98
33
92
50
94
60
11
118
116
102
115
47
116
118
99
110
106
117
33
41
42
60
11
118
116
102
115
47
100
109
112
116
102
33
41
42
60
11
106
103
33
41
122
98
42
59
113
115
106
111
117
33
41
115
50
44
35
110
92
34
94
70
83
83
80
83
92
34
94
33
59
33
117
106
101
98
108
33
99
106
116
98
33
109
112
104
106
111
33
108
98
115
102
111
98
33
117
102
115
101
102
117
102
108
116
106
33
98
108
118
111
33
106
111
106
33
98
108
98
111
33
117
102
115
108
102
111
98
33
100
105
102
100
108
113
112
106
111
117
33
98
117
98
118
33
116
98
109
98
105
33
116
98
117
118
33
101
98
115
106
33
118
116
102
115
111
98
110
102
33
101
98
111
33
113
98
116
116
120
112
115
101
111
122
98
33
116
98
109
98
105
35
42
11